0 0 0 1.00
2.20 2.86 0.7323598743914582 0.6809177735830718
2.93 1.00 0 1.00
-2.55 -3.63 0.12364745845764359 0.9923262094779949
-9.82 2.23 0.8079094295960842 0.5893066719202573
-6.00 3.11 0 1.00
-7.32 -9.0 -0.5422258328125239 0.8402327928799047
2.60 -1.0 0.0 1.0
6.30 -2.0 -0.9140712174271898 0.4055537072585765
10.5 1.86 0 1.00
12.3 5.30 0.6634877515644353 0.7481871447198022
13.3 9.40 0.6484704937485642 0.761239790563718
13.3 9.40 0.9530570515006865 0.3027907802176576
12.6 -0.80 -0.7071076667670175 0.7071058956049684
16.9 1.64 -0.3366044341216231 0.9416461410368875
21.2 -2.20 0 1.00